40 40 40 40 =>    0    0   80
39 39 39 39 =>    0    0   73
38 38 38 38 =>    0    0   67
37 37 37 37 =>    0    0   60
36 36 36 36 =>    0    0   54
35 35 35 35 =>    0    0   47
34 34 34 34 =>    0    0   40
33 33 33 33 =>    0    0   34
32 32 32 32 =>    0    0   27
31 31 31 31 =>    0    0   21
30 30 30 30 =>    0    0   14
29 29 29 29 =>    0    0    7
28 28 28 28 =>    0    0    1
27 27 27 27 =>    0    0   -6
26 26 26 26 =>    0    0  -12
25 25 25 25 =>    0    0  -19
24 24 24 24 =>    0    0  -25
23 23 23 23 =>    0    0  -32
22 22 22 22 =>    0    0  -39
21 21 21 21 =>    0    0  -45
20 20 20 20 =>    0    0  -50
19 19 19 19 =>    0    0  -50
18 18 18 18 =>    0    0  -50
17 17 17 17 =>    0    0  -50
16 16 16 16 =>    0    0  -50
15 15 15 15 =>    0    0  -50
14 14 14 14 =>    0    0  -50
13 13 13 13 =>    0    0  -50
12 12 12 12 =>    0    0  -50
11 11 11 11 =>    0    0  -50
10 10 10 10 =>    0    0  -50
 9  9  9  9 =>    0    0  -50
 8  8  8  8 =>    0    0  -50
 7  7  7  7 =>    0    0  -50
 6  6  6  6 =>    0    0  -50
 5  5  5  5 =>    0    0  -50
 4  4  4  4 =>    0    0  -50
 3  3  3  3 =>    0    0  -50
 2  2  2  2 =>    0    0  -50
 1  1  1  1 =>    0    0  -50
 0  0  0  0 =>    0    0  -50
28 28 28 28 =>    0    0    1
 0 28 28 28 =>   39    0    1
 0 16 28 28 =>   37   16  -39
 0 28 16 28 =>   22    0    1
 0 28 28 16 =>   37  -16  -39
28  0 28 28 =>    0   39    1
16  0 28 28 =>   16   37  -39
28  0 16 28 =>  -16   37  -39
28  0 28 16 =>    0   22    1
28 28  0 28 =>  -39    0    1
16 28  0 28 =>  -22    0    1
28 16  0 28 =>  -37   16  -39
28 28  0 16 =>  -37  -16  -39
28 28 28  0 =>    0  -39    1
16 28 28  0 =>   16  -37  -39
28 16 28  0 =>    0  -22    1
28 28 16  0 =>  -16  -37  -39
